266099003336
468967346022
476390764434
765470955303
845777256229
179569617953
270023777066
548820416818
176580522852
83529452557
511320164377
834915311590
226617595734
206138472326
415538571349
472619422236
122476128914
93641835069
634299451494
924508340956
985501811820
359548193598
381823555612
692881740452
319759601932
512750525840
562704213888
940968278335
962483929825
774383588199
207946515998
557977108628
644823214692
872791447267
191865665953
705888305558
913002648672
63097014602
908753798540
747634281630
285955667181
97510165316
737375726560
979919817333
182672899164
316287718055
414138519228
551982514462
625251256390
921733951014
923513829638
73876739911
151443968033
175834001889
512226137863
106713337096
877955143979
761855105572
91647000580
311436359088
299352011885
443896093424
553753549250
954979004722
186304741254
340296673906
242368468460
239114090233
834728501024
414336776727
526107200836
942581505454
577894871483
707742441030
917504717251
768113028985
507063657006
719501166366
138905109600
435101279264
403038250018
342341801278
113047250879
854869020593
423107250191
186041788964
880585717174
768592717353
534626479113
547318799749
853961013122
270761051281
829845036824
247821427853
821498047633
398538394287
626253375700
689866997976
186006556481
669539389170
