581537387765
489434132060
811632009181
914008868560
113691864644
586260829045
882255235084
749734720821
423690032183
621541545762
828173184230
216748666684
770076538275
50030114087
323709721340
439312375634
547481161019
253602592266
528025061720
817622528574
832903209834
557570158204
193423826199
791971734571
884329293156
420186628507
906093389222
757310499513
357430317299
319415671940
512690524647
605193847021
884712524569
991411183707
365306846786
175710938620
72477396853
501269083510
498960770784
199107834545
189499904735
967499577340
128493749751
187336447441
29583203739
883344824195
676395414941
327656256273
874319543751
794513249784
326083591474
174140777450
198632660876
933211792246
387748648290
985766325323
251442952158
556170847982
156923803539
54133085388
572344932473
684044919273
478305608832
636813526715
212255123572
527252926806
14264671426
365365461410
486560271222
459405083813
367989068168
401314596085
433003949822
473952685936
658505611767
283928091471
826931278252
548549757143
3722543526
378683048369
262898640939
120066982803
395657523265
372517468040
823109577412
16307698073
855393261423
300890530803
307120639045
38369941240
238685819773
913679740295
77823996304
637106173944
3146179607
437917075069
539496539722
510629226178
396336578780
216047384721
